A=[4 3 -20 30]