A=[4 3 -20 30];
B=[4 3 -20 30; 10 -20 34 1; -04 -10 -45 -135];
C=[4 3 -20 30 87 -4; 51 18 9 -8 -7 7; -1 0 0 1 15 20; 51 987 17 71 01 20; 01 10 23 04 19 98];
D=magic(4);
%A(4)
%B(2)
%C
